60.000000
61.400000
82.500000
62.000000
68.900000
60.700000
61.400000
60.700000
61.400000
62.000000
71.600000
62.000000
68.200000
62.700000
64.800000
78.400000
60.700000
60.700000
68.900000
68.200000
62.700000
65.500000
62.700000
75.000000
64.800000
60.700000
62.700000
64.100000
61.400000
60.700000
62.000000
62.000000
61.400000
60.700000
62.700000
62.000000
64.100000
60.700000
60.700000
61.400000
74.300000
71.600000
64.800000
61.400000
66.800000
61.400000
60.700000
64.100000
61.400000
70.900000
66.800000
63.400000
62.000000
61.400000
62.000000
60.700000
60.700000
60.700000
61.400000
66.100000
68.200000
62.700000
64.800000
60.700000
66.800000
60.700000
60.700000
70.900000
63.400000
65.500000
64.800000
70.900000
63.400000
64.100000
61.400000
66.100000
60.700000
60.700000
60.700000
60.700000
60.700000
60.700000
60.700000
62.000000
61.400000
60.700000
61.400000
60.700000
61.400000
61.400000
60.700000
62.000000
60.700000
63.400000
73.600000
69.500000
66.800000
60.700000
61.400000
66.100000
61.400000
64.100000
64.800000
61.400000
62.700000
63.400000
62.000000
62.700000
60.700000
60.700000
64.800000
63.400000
60.700000
60.700000
61.400000
61.400000
65.500000
60.700000
64.800000
61.400000
60.700000
62.000000
68.200000
60.700000
60.700000
60.700000
60.700000
62.700000
62.700000
60.700000
60.700000
66.800000
60.700000
62.700000
60.700000
61.400000
60.700000
64.100000
60.700000
61.400000
61.400000
60.700000
60.700000
61.400000
70.900000
61.400000
61.400000
61.400000
64.800000
61.400000
62.700000
64.800000
60.700000
60.700000
64.800000
60.700000
61.400000
60.700000
61.400000
66.800000
64.800000
60.700000
60.700000
60.700000
63.400000
66.100000
63.400000
62.000000
62.700000
61.400000
62.700000
60.700000
60.700000
63.400000
60.700000
60.700000
61.400000
60.700000
62.000000
61.400000
62.800000
60.700000
61.400000
61.400000
60.700000
69.500000
66.800000
60.700000
67.500000
62.000000
63.400000
60.700000
64.800000
61.400000
61.400000
66.800000
66.100000
61.400000
62.000000
68.900000
68.200000
61.400000
64.100000
60.700000
60.700000
60.700000
60.700000
65.500000
62.800000
61.400000
60.700000
62.000000
60.700000
60.700000
60.700000
60.700000
60.700000
60.700000
62.000000
61.400000
60.700000
60.700000
61.400000
60.700000
60.700000
60.700000
60.700000
61.400000
60.700000
60.700000
60.700000
60.000000
60.000000
