0
77
100
101
184
115
153
102
205
226
75
152
151
79
162
98
99
91
206
230
74
225
209
217
215
156
97
80
81
82
83
84
210
85
86
87
88
78
214
89
213
90
212
219
216
204
211
155
177
178
109
169
172
168
16
17
18
19
40
122
133
167
34
132
131
130
37
38
39
43
44
45
46
47
48
49
166
165
29
116
67
11
12
187
68
191
146
117
69
104
105
35
36
164
147
4
186
10
1
2
199
163
26
27
28
123
95
103
158
118
159
70
20
21
22
31
32
33
71
150
190
30
181
148
3
208
137
60
192
61
185
141
140
50
9
145
51
52
53
65
55
56
139
57
138
129
96
93
189
15
127
94
24
25
126
125
124
121
128
144
143
41
13
222
14
142
227
120
42
175
200
72
66
207
112
231
114
149
173
201
174
188
73
202
58
59
195
62
63
54
194
196
197
6
7
193
8
218
198
119
176
64
5
23
221
229
106
136
135
134
107
108
220
110
92
157
111
180
179
171
228
170
161
183
182
203
154
160
224
113
76
223
232
