Cholet :
Best Score: 41238
Best Solution: [0, 80, 81, 82, 83, 84, 210, 85, 86, 87, 88, 78, 214, 89, 213, 90, 212, 219, 216, 204, 211, 155, 77, 100, 207, 101, 184, 115, 79, 162, 177, 169, 172, 168, 167, 43, 44, 45, 46, 47, 48, 49, 166, 165, 29, 116, 67, 11, 12, 187, 68, 191, 146, 117, 69, 163, 103, 147, 4, 186, 10, 1, 2, 199, 164, 158, 118, 159, 70, 144, 143, 41, 13, 222, 14, 142, 227, 120, 42, 175, 20, 21, 22, 31, 32, 33, 71, 173, 201, 174, 188, 73, 150, 190, 30, 181, 72, 66, 74, 205, 151, 226, 75, 97, 112, 152, 225, 209, 217, 215, 231, 114, 179, 111, 180, 110, 92, 157, 171, 228, 170, 161, 183, 220, 182, 91, 206, 230, 98, 99, 203, 154, 153, 102, 149, 148, 3, 208, 202, 200, 137, 60, 192, 61, 185, 141, 140, 50, 9, 145, 51, 52, 53, 65, 55, 56, 139, 57, 138, 129, 58, 59, 195, 62, 63, 54, 194, 196, 197, 6, 7, 193, 8, 218, 198, 119, 176, 64, 96, 5, 93, 121, 128, 127, 189, 15, 94, 23, 26, 27, 28, 24, 25, 126, 125, 124, 123, 95, 221, 229, 104, 105, 34, 132, 131, 130, 35, 36, 37, 38, 39, 106, 136, 135, 134, 107, 16, 40, 122, 133, 17, 18, 19, 108, 178, 109, 160, 224, 113, 76, 156, 223, 232]

Abers : 
Best Score: 40247
Best Solution: [0, 181, 305, 34, 272, 35, 47, 151, 155, 232, 330, 331, 231, 275, 71, 279, 72, 303, 73, 25, 161, 109, 283, 298, 306, 230, 83, 280, 307, 54, 1, 31, 32, 299, 346, 26, 27, 229, 300, 228, 302, 294, 137, 199, 62, 63, 64, 105, 135, 322, 312, 266, 18, 317, 19, 103, 323, 104, 157, 285, 36, 320, 288, 49, 66, 78, 262, 55, 156, 2, 139, 33, 319, 163, 162, 251, 141, 140, 8, 256, 324, 257, 252, 253, 260, 48, 261, 133, 334, 134, 254, 255, 269, 50, 263, 333, 164, 189, 74, 75, 76, 329, 340, 124, 264, 265, 111, 321, 108, 318, 113, 207, 206, 130, 131, 132, 276, 296, 284, 224, 235, 3, 4, 5, 9, 10, 11, 12, 80, 144, 128, 345, 143, 142, 301, 6, 7, 29, 30, 154, 343, 341, 342, 153, 258, 337, 259, 43, 44, 45, 46, 84, 304, 85, 297, 86, 70, 15, 16, 17, 149, 58, 289, 292, 148, 107, 122, 309, 88, 273, 127, 106, 13, 14, 177, 194, 308, 193, 20, 21, 22, 23, 24, 28, 293, 152, 138, 59, 332, 60, 61, 282, 222, 328, 136, 79, 99, 115, 271, 57, 98, 125, 205, 291, 126, 204, 327, 326, 40, 96, 335, 97, 114, 56, 100, 179, 53, 278, 68, 159, 203, 315, 202, 313, 201, 274, 241, 233, 286, 316, 101, 314, 102, 270, 158, 277, 37, 38, 39, 41, 281, 42, 150, 147, 290, 146, 295, 145, 160, 311, 310, 287, 267, 338, 268, 339, 325, 336, 51, 344, 52, 347]

Abers Bis : 
Best Score: 39755
Best Solution: [0, 25, 152, 8, 163, 173, 77, 82, 83, 143, 315, 175, 319, 354, 367, 353, 79, 214, 174, 9, 80, 85, 86, 320, 84, 318, 78, 352, 42, 278, 328, 363, 279, 280, 334, 281, 15, 16, 258, 332, 260, 43, 40, 317, 176, 368, 126, 122, 329, 121, 120, 38, 10, 11, 12, 37, 101, 110, 323, 233, 111, 232, 171, 155, 331, 154, 312, 153, 316, 172, 365, 366, 157, 156, 20, 13, 14, 87, 364, 24, 19, 3, 4, 5, 132, 133, 6, 222, 7, 41, 375, 221, 160, 340, 159, 23, 356, 26, 162, 39, 17, 107, 348, 257, 330, 256, 237, 236, 139, 135, 242, 241, 325, 239, 355, 238, 349, 333, 324, 102, 138, 339, 337, 326, 136, 338, 137, 35, 48, 49, 50, 351, 51, 307, 327, 112, 114, 115, 116, 117, 118, 119, 246, 185, 289, 166, 170, 350, 158, 344, 18, 314, 36, 31, 291, 290, 32, 304, 60, 378, 61, 377, 308, 169, 168, 167, 57, 296, 306, 33, 298, 299, 297, 34, 146, 46, 369, 292, 370, 195, 68, 301, 69, 294, 144, 347, 177, 311, 310, 44, 205, 376, 90, 91, 92, 93, 94, 95, 96, 230, 313, 345, 128, 346, 129, 151, 150, 149, 73, 74, 209, 75, 322, 148, 130, 131, 335, 282, 283, 336, 321, 134, 147, 161, 21, 22, 27, 28, 29, 30, 140, 372, 141, 373, 142, 374, 178, 58, 165, 362, 47, 98, 164, 361, 303, 357, 63, 359, 64, 53, 54, 305, 360, 358, 309, 192, 55, 295, 56, 371, 200, 2, 302, 145, 293, 1, 286, 300, 203, 65, 66, 288, 285, 287, 343, 71, 342, 284, 341, 379]

Cholet MultiComo :
Best Score: 41972
Best Solution: [0, 80, 81, 82, 83, 84, 210, 85, 86, 87, 88, 78, 214, 89, 213, 90, 212, 219, 216, 204, 211, 155, 177, 169, 172, 168, 167, 43, 44, 45, 46, 47, 48, 49, 166, 165, 29, 116, 67, 11, 12, 187, 68, 191, 146, 117, 69, 104, 105, 34, 132, 131, 130, 35, 36, 37, 38, 39, 164, 163, 103, 158, 118, 159, 70, 20, 9, 145, 51, 52, 53, 65, 55, 56, 139, 57, 138, 129, 58, 59, 192, 61, 185, 141, 140, 50, 21, 200, 22, 31, 32, 33, 71, 72, 66, 74, 205, 152, 151, 226, 75, 97, 112, 225, 209, 217, 215, 231, 114, 179, 180, 110, 92, 157, 111, 171, 228, 170, 161, 183, 220, 182, 91, 206, 230, 149, 173, 201, 174, 188, 73, 150, 190, 30, 181, 148, 3, 208, 202, 137, 60, 120, 42, 175, 144, 143, 41, 13, 222, 14, 142, 227, 195, 62, 63, 54, 194, 196, 197, 6, 7, 193, 8, 218, 198, 119, 176, 64, 96, 5, 93, 121, 128, 127, 189, 15, 94, 23, 26, 27, 28, 24, 25, 126, 125, 124, 123, 95, 221, 229, 147, 4, 186, 10, 1, 2, 199, 106, 136, 135, 134, 107, 16, 40, 122, 133, 17, 18, 19, 108, 178, 109, 77, 100, 101, 184, 115, 79, 162, 98, 99, 203, 154, 153, 102, 207, 160, 224, 113, 76, 156, 223, 232]

Abers Mutli Como :
Best Score: 40383
Best Solution: [0, 181, 305, 34, 272, 35, 47, 151, 155, 31, 32, 232, 330, 331, 231, 275, 71, 279, 72, 303, 73, 25, 161, 109, 283, 298, 306, 230, 83, 280, 307, 54, 1, 299, 346, 26, 27, 229, 300, 228, 302, 17, 24, 28, 293, 152, 138, 59, 332, 60, 180, 278, 147, 122, 309, 88, 273, 127, 106, 13, 14, 15, 16, 290, 177, 194, 308, 193, 20, 21, 107, 99, 115, 271, 57, 98, 114, 56, 61, 282, 222, 100, 179, 53, 159, 96, 335, 97, 328, 136, 79, 125, 205, 291, 126, 204, 327, 326, 40, 203, 315, 202, 313, 201, 274, 241, 233, 286, 316, 101, 314, 102, 270, 158, 277, 37, 38, 39, 41, 281, 42, 150, 294, 149, 58, 289, 292, 148, 22, 23, 137, 199, 62, 63, 64, 105, 135, 322, 312, 266, 18, 317, 19, 103, 323, 104, 288, 49, 66, 78, 262, 55, 156, 2, 139, 33, 319, 163, 162, 251, 141, 140, 8, 256, 324, 257, 258, 43, 44, 45, 46, 84, 304, 85, 297, 86, 70, 146, 295, 145, 160, 311, 310, 287, 267, 338, 268, 252, 339, 253, 36, 320, 157, 285, 260, 48, 261, 133, 334, 134, 254, 255, 269, 50, 263, 333, 164, 189, 74, 75, 76, 329, 340, 124, 264, 265, 111, 321, 112, 113, 207, 130, 132, 276, 243, 94, 296, 284, 318, 220, 235, 3, 4, 5, 9, 10, 11, 12, 80, 144, 128, 345, 143, 142, 301, 6, 7, 29, 30, 154, 343, 341, 342, 153, 337, 259, 325, 336, 51, 344, 52, 347]

Abers Bis Multi Como :
Best Score: 39763
Best Solution: [0, 25, 152, 8, 163, 173, 77, 82, 83, 143, 315, 175, 319, 354, 367, 353, 79, 214, 174, 9, 80, 85, 86, 320, 84, 318, 78, 352, 42, 368, 126, 122, 329, 121, 120, 38, 10, 11, 12, 37, 101, 110, 323, 111, 233, 232, 171, 155, 331, 154, 312, 153, 316, 172, 365, 366, 157, 156, 20, 21, 88, 134, 4, 5, 6, 222, 7, 346, 376, 313, 345, 19, 132, 133, 73, 74, 209, 75, 322, 147, 161, 160, 340, 13, 14, 15, 16, 258, 332, 260, 43, 40, 317, 176, 26, 278, 328, 363, 279, 280, 334, 281, 87, 364, 24, 97, 90, 91, 92, 93, 94, 95, 96, 128, 129, 41, 375, 159, 23, 356, 162, 39, 17, 107, 348, 257, 330, 256, 237, 236, 139, 135, 242, 241, 325, 239, 355, 238, 349, 333, 324, 102, 138, 339, 337, 326, 136, 338, 137, 35, 52, 113, 112, 114, 115, 116, 117, 118, 119, 48, 49, 307, 50, 351, 51, 327, 166, 170, 350, 158, 344, 18, 314, 36, 289, 31, 291, 290, 32, 33, 34, 60, 378, 61, 377, 308, 169, 298, 299, 297, 168, 167, 57, 296, 306, 304, 146, 370, 46, 369, 292, 195, 68, 301, 69, 294, 144, 347, 177, 311, 310, 44, 205, 151, 150, 149, 148, 22, 27, 28, 362, 29, 30, 140, 372, 141, 373, 142, 374, 178, 58, 165, 47, 357, 303, 98, 361, 164, 3, 130, 321, 131, 335, 282, 283, 336, 63, 359, 64, 53, 54, 305, 360, 358, 309, 192, 55, 295, 56, 371, 200, 2, 302, 145, 293, 1, 286, 300, 343, 65, 66, 285, 288, 287, 70, 71, 342, 284, 341, 379]
